1,"[ 0.36073183  0.04197265  0.19373965 ...,  0.36047899  0.77698096
  0.51198805]"
2,"[ 0.25090651  0.10044598  0.04702877 ...,  0.28514173  0.55556559
  0.61892638]"
3,"[ 0.04285285  0.11583974 -0.01587386 ...,  0.05391292  0.45633816
  0.8062935 ]"
4,"[ 0.5236027   0.0258633   0.21506516 ...,  0.80242316  0.04218619
  0.55894999]"
5,"[ 0.40367601  0.08881458  0.3135276  ...,  0.11925731  0.77677381
  0.12641314]"
6,"[ 0.24151398  0.22993459  0.45363962 ...,  0.47092152  0.15949446
  0.40601493]"
7,"[ 0.0789511   0.17853623 -0.08694334 ...,  0.30485066  0.79148877
  0.39482673]"
8,"[ 0.56523073  0.14603924  0.04825196 ...,  0.21072301  0.33787025
  0.51077744]"
9,"[ 0.48637288  0.32825293 -0.11765026 ...,  0.23560436  0.46050886
  0.08604184]"
10,"[ 0.33581861  0.41480915 -0.00486656 ...,  0.06063146  0.03516494
  0.05802572]"
11,"[ 0.17334961  0.59303297  0.50594998 ...,  0.48839911  0.30066001
  0.09346557]"
12,"[ 0.28832042  0.00132632  0.23059583 ...,  0.37302583  0.60286726
  0.80681896]"
13,"[ 0.21840662  0.05004183 -0.03163979 ...,  0.56010546  0.08723906
  0.04288421]"
14,"[ 0.0628037   0.30353996  0.08394593 ...,  0.37375449  0.587407    0.78842085]"
15,"[ 0.31478109  0.4891533   0.41950154 ...,  0.627651    0.42480209
  0.36881495]"
16,"[ 0.26682721 -0.04741646  0.13692797 ...,  0.50787539  0.38882166
  0.20728414]"
17,"[ 0.40990181  0.32166669  0.03913232 ...,  0.71331489  0.41314956
  0.60423373]"
18,"[ 0.0319952   0.17622834  0.19826042 ...,  0.49962481  0.18474576
  0.52453372]"
19,"[ 0.55756763  0.51781399  0.15352435 ...,  0.70876081  0.80934574
  0.52970317]"
20,"[ 0.1164219   0.04058558  0.52729678 ...,  0.74997121  0.00115192
  0.13988006]"
